loading event preprocessedVocab files
loading para preprocessedVocab files
self.event_tensor_file/data/result/09-29-17-01-31/e-input.csv10559event-data.npy
loading event preprocessed tensor files
self.para1_tensor_file/data/result/09-29-17-01-31/p1-input.csv10559para1-data.npy
loading para1 preprocessed tensor files
self.para2_tensor_file/data/result/09-29-17-01-31/p2-input.csv10559para2-data.npy
loading para2 preprocessed tensor files
[[35 17 22 27 22  7 27 29 22 26 22 22  7 27 29 22 26 22  7 27 29 22 22 26
  22 22  7 27 29 22 26 22  7 27 29 22 26 22  7 27 29 22 22 26 22 22  7 22
  26 22]] [[17 22 27 22  7 27 29 22 26 22 22  7 27 29 22 26 22  7 27 29 22 22 26 22
  22  7 27 29 22 26 22  7 27 29 22 26 22  7 27 29 22 22 26 22 22  7 22 26
  22 26]] [[   1 2117    3  584  584  584  960  960  960    3  960    3  960  960
   960  960    3  960  960 2117 2117    3 2117    3 2117    3 2117  960
   960  960    3  960  960  960  960  960    3  960  960  960  960    3
   960    3  960    3  960    3    3    3]] [[2117    3  584  584  584  960  960  960    3  960    3  960  960  960
   960    3  960  960 2117 2117    3 2117    3 2117    3 2117  960  960
   960    3  960  960  960  960  960    3  960  960  960  960    3  960
     3  960    3  960    3    3    3    3]]
[(array([35, 17, 22, 27, 22,  7, 27, 29, 22, 26, 22, 22,  7, 27, 29, 22, 26,
       22,  7, 27, 29, 22, 22, 26, 22, 22,  7, 27, 29, 22, 26, 22,  7, 27,
       29, 22, 26, 22,  7, 27, 29, 22, 22, 26, 22, 22,  7, 22, 26, 22]), array([   1, 2117,    3,  584,  584,  584,  960,  960,  960,    3,  960,
          3,  960,  960,  960,  960,    3,  960,  960, 2117, 2117,    3,
       2117,    3, 2117,    3, 2117,  960,  960,  960,    3,  960,  960,
        960,  960,  960,    3,  960,  960,  960,  960,    3,  960,    3,
        960,    3,  960,    3,    3,    3]), array([2, 2, 2, 2, 4, 2, 2, 2, 4, 2, 4, 2, 2, 2, 2, 4, 2, 4, 2, 2, 2, 2, 4,
       2, 4, 2, 2, 2, 2, 4, 2, 4, 2, 2, 2, 4, 2, 4, 2, 2, 2, 2, 4, 2, 4, 2,
       2, 2, 2, 2]), array([17, 22, 27, 22,  7, 27, 29, 22, 26, 22, 22,  7, 27, 29, 22, 26, 22,
        7, 27, 29, 22, 22, 26, 22, 22,  7, 27, 29, 22, 26, 22,  7, 27, 29,
       22, 26, 22,  7, 27, 29, 22, 22, 26, 22, 22,  7, 22, 26, 22, 26]), array([2117,    3,  584,  584,  584,  960,  960,  960,    3,  960,    3,
        960,  960,  960,  960,    3,  960,  960, 2117, 2117,    3, 2117,
          3, 2117,    3, 2117,  960,  960,  960,    3,  960,  960,  960,
        960,  960,    3,  960,  960,  960,  960,    3,  960,    3,  960,
          3,  960,    3,    3,    3,    3]), array([2, 2, 2, 4, 2, 2, 2, 4, 2, 4, 2, 2, 2, 2, 4, 2, 4, 2, 2, 2, 2, 4, 2,
       4, 2, 2, 2, 2, 4, 2, 4, 2, 2, 2, 4, 2, 4, 2, 2, 2, 2, 4, 2, 4, 2, 2,
       2, 2, 2, 2]))]
========  
11
========  
1
========  
2
========  
1
========  
3
========  
2
========  
5
========  
1
========  
5
========  
1
========  
1
========  
5
========  
2
========  
5
========  
1
========  
5
========  
1
========  
3
========  
2
========  
5
========  
1
========  
1
========  
5
========  
1
========  
1
========  
5
========  
2
========  
5
========  
1
========  
5
========  
1
========  
3
========  
2
========  
5
========  
1
========  
5
========  
1
========  
3
========  
2
========  
5
========  
1
========  
1
========  
5
========  
1
========  
1
========  
5
========  
1
========  
7
========  
1
========  
7
time/batch = 6.269
