loading event preprocessedVocab files
loading para preprocessedVocab files
self.event_tensor_file/data/trace/e-input.csvevent-data.npy
loading event preprocessed tensor files
self.para1_tensor_file/data/trace/p1-input.csvpara1-data.npy
loading para1 preprocessed tensor files
self.para2_tensor_file/data/trace/p2-input.csvpara2-data.npy
loading para2 preprocessed tensor files
[(array([17, 17, 22, 27, 22,  7, 27, 29, 22, 26, 22, 22,  7, 27, 29, 22, 26,
       22,  7, 27, 29, 22, 22, 26, 22, 22,  7, 27, 29, 22, 26, 22,  7, 27,
       29, 22, 26, 22,  7, 27, 29, 22, 22, 26, 22, 22,  7, 22, 22, 26]), array([ 956, 2114,    0,  581,  581,  581,  957,  957,  957,    0,  957,
          0,  957,  957,  957,  957,    0,  957,  957, 2114, 2114,    0,
       2114,    0, 2114,    0, 2114,  957,  957,  957,    0,  957,  957,
        957,  957,  957,    0,  957,  957,  957,  957,    0,  957,    0,
        957,    0,  957,    0,    0,    0]), array([ 956, 2114,    0,  581,  581,  581,  957,  957,  957,    0,  957,
          0,  957,  957,  957,  957,    0,  957,  957, 2114, 2114,    0,
       2114,    0, 2114,    0, 2114,  957,  957,  957,    0,  957,  957,
        957,  957,  957,    0,  957,  957,  957,  957,    0,  957,    0,
        957,    0,  957,    0,    0,    0]), array([17, 22, 27, 22,  7, 27, 29, 22, 26, 22, 22,  7, 27, 29, 22, 26, 22,
        7, 27, 29, 22, 22, 26, 22, 22,  7, 27, 29, 22, 26, 22,  7, 27, 29,
       22, 26, 22,  7, 27, 29, 22, 22, 26, 22, 22,  7, 22, 22, 26, 26]), array([2114,    0,  581,  581,  581,  957,  957,  957,    0,  957,    0,
        957,  957,  957,  957,    0,  957,  957, 2114, 2114,    0, 2114,
          0, 2114,    0, 2114,  957,  957,  957,    0,  957,  957,  957,
        957,  957,    0,  957,  957,  957,  957,    0,  957,    0,  957,
          0,  957,    0,    0,    0,    0]), array([2114,    0,  581,  581,  581,  957,  957,  957,    0,  957,    0,
        957,  957,  957,  957,    0,  957,  957, 2114, 2114,    0, 2114,
          0, 2114,    0, 2114,  957,  957,  957,    0,  957,  957,  957,
        957,  957,    0,  957,  957,  957,  957,    0,  957,    0,  957,
          0,  957,    0,    0,    0,    0]))]
observed:EVENT_LOADLIBRARY

========  
22
[ 7 22 29 27 43 33 26 12 31  6 32 40  8  0 16  4 15 14 28 13 23 17 19 35  2
  9 24 11 41 39 18 30 36  3 38 42 25 34  1  5 21 20 37 10]
observed:EVENT_LOADLIBRARY
predicate:[EVENT_CLOSE EVENT_MMAP EVENT_READ ] mnt_t:s0 mnt_t:s0
========  
3
[ 7 29 22 27 43 26 31 33 12  8  6 15 32 13 17 40  9 16  0  4 14 28 23 35 24
 38 19 39 11 41  2  3 18 36 30 25 42  1 34  5 21 20 37 10]
========  
3
[29  7 27 22 26 31 43  8 33 15 12 13 17  9  6 32 38 40  4 16 25  0 24  3 39
  1 14 23 35 18 28 19 34 41 36 42 11  2  5 20 21 37 30 10]
========  
4
[ 7 29 27 22 26 31 43 33  8 12 15 13  6 17 32  9 40 38 16  4  0 24 14 39 28
 35 23 19  3 25  1 41 11 18  2 36 42 30 34 21 20  5 37 10]
observed:EVENT_MMAP
predicate:[EVENT_CLOSE EVENT_READ EVENT_OPEN ] mnt_t:s0 mnt_t:s0
========  
1
[ 7 29 22 27 43 31 26 33 12  8  6 15 32 13 17 40  9  0 16  4 28 14 35 23 38
 24 19 39 11 41  2 18  3 36 30 42  1 25 34  5 20 21 37 10]
========  
3
[ 7 29 27 22 26 43 31 33  8 12 15 13 17  6 32  9 40 38 16  4  0 24 39 14 35
 28 23 19  3 25  1 41 11 18 36  2 42 34 30 20  5 21 37 10]
========  
2
[ 7 29 27 22 26 31 43 33  8 12 15  6 13 17 32  9 40 16  4 38  0 14 24 39 28
 23 35 19  3 25 41 11 18  1  2 36 42 30 34 21 20  5 37 10]
========  
3
[29  7 22 27 43 31 26 33  8 12 15 13 17  6 32  9 40 38  4 16  0 28 35 24 23
 14 39  1 11 41 19 25  3 18 36  2 42 34 30  5 20 21 37 10]
========  
6
[ 7 22 29 27 43 26 31 33 12  8  6 32 15 40 13 17  0 16  4  9 28 14 23 35 19
 24 11 39 41  2 38 18  3 36 30 42 25  1 34  5 21 20 37 10]
observed:EVENT_MPROTECT
predicate:[EVENT_CLOSE EVENT_MMAP EVENT_READ ] mnt_t:s0 mnt_t:s0
========  
4
[29 27  7 22 31 43 26  8 33 15 12 13 17  9  6 32 38 40  4 25 16  1  0 24 39
 35 23  3 28 14 18 34 41 11 19 36 42  5  2 21 20 37 30 10]
observed:EVENT_MMAP
predicate:[EVENT_READ EVENT_OPEN EVENT_CLOSE ] mnt_t:s0 mnt_t:s0
========  
2
[ 7 22 29 27 43 26 31 33 12  8  6 32 15 40 13 17  0 16  4  9 28 14 23 35 19
 24 11 39 41  2 38 18  3 36 30 42 25  1 34  5 21 20 37 10]
========  
2
[29  7 27 22 26 31 43  8 33 15 12 13 17  9  6 32 38 40  4 16 25  0 24  3 39
  1 14 23 35 18 28 19 34 41 36 42 11  2  5 20 21 37 30 10]
========  
3
[ 7 29 27 22 26 43 31 33  8 12 15 13  6 17 32  9 40 38 16  4  0 24 14 39 28
 23 35 19  3 41 25 11  1 18  2 36 42 30 34 21  5 20 37 10]
========  
2
[ 7 29 27 22 26 31 43 33  8 12 15  6 13 17 32  9 40 16  4 38  0 14 24 39 28
 23 35 19  3 25 41 11 18  1  2 36 42 30 34 21 20  5 37 10]
========  
3
[29  7 22 27 43 31 26 33  8 12 15 13 17  6 32  9 40 38  4 16  0 28 35 24 23
 14 39  1 11 41 19 25  3 18 36  2 42 34 30  5 20 21 37 10]
========  
6
[ 7 22 29 27 43 26 31 33 12  8  6 32 15 40 13 17  0 16  4  9 28 14 23 35 19
 24 11 39 41  2 38 18  3 36 30 42 25  1 34  5 21 20 37 10]
observed:EVENT_MPROTECT
predicate:[EVENT_CLOSE EVENT_MMAP EVENT_READ ] mnt_t:s0 mnt_t:s0
========  
4
[29 27  7 22 31 43 26  8 33 15 12 13 17  9  6 32 38 40  4 25 16  1  0 24 39
 35 23  3 28 14 18 34 41 11 19 36 42  5  2 21 20 37 30 10]
observed:EVENT_MMAP
predicate:[EVENT_READ EVENT_OPEN EVENT_CLOSE ] mnt_t:s0 mnt_t:s0
========  
1
[ 7 22 29 27 43 26 31 33 12  8  6 32 15 40 13 17  0 16  4  9 28 14 23 35 19
 24 11 39 41  2 38 18  3 36 30 42 25  1 34  5 21 20 37 10]
========  
3
[ 7 29 27 22 26 43 31 33  8 12 15 13  6 17 32  9 40 38 16  4  0 24 14 39 28
 23 35 19  3 41 25 11  1 18  2 36 42 30 34 21  5 20 37 10]
========  
1
[29  7 27 22 26 31 43 33  8 12 15 13 17  6 32  9 40 38 16  4  0 24 39 14 35
 28 23  3 19 25  1 18 41 11 36  2 42 34 30 20 21  5 37 10]
========  
3
[29  7 22 27 43 31 26 33  8 12 15 13 17  6 32  9 40 38  4 16  0 35 28 24 23
  1 39 14 25  3 11 41 18 19 36 34 42  2  5 30 20 21 37 10]
========  
4
[29  7 27 22 26 31 43  8 33 15 12 13 17  9  6 32 38 40  4 16 25  0 24  3 39
  1 14 23 35 18 28 19 34 41 36 42 11  2  5 20 21 37 30 10]
observed:EVENT_MMAP
predicate:[EVENT_READ EVENT_CLOSE EVENT_OPEN ] mnt_t:s0 mnt_t:s0
========  
7
[29  7 22 27 43 31 26 33  8 12 15  6 13 17 32  9 40 16  4  0 38 28 35 14 23
 24 39 19 11 41  3 18  2  1 25 36 42 30 34  5 20 21 37 10]
observed:EVENT_MPROTECT
predicate:[EVENT_READ EVENT_CLOSE EVENT_MMAP ] mnt_t:s0 mnt_t:s0
========  
4
[29 27  7 22 31 43 26  8 33 15 12 13 17  9  6 32 38 40  4 25 16  1  0 24 39
 35 23  3 28 14 18 34 41 11 19 36 42  5  2 21 20 37 30 10]
observed:EVENT_MMAP
predicate:[EVENT_READ EVENT_OPEN EVENT_CLOSE ] mnt_t:s0 mnt_t:s0
========  
3
[29  7 22 27 43 31 26 33  8 12 15  6 13 17 32  9 40 16  4  0 38 28 35 14 23
 24 39 19 11 41  3 18  2  1 25 36 42 30 34  5 20 21 37 10]
========  
2
[29  7 27 22 26 31 43  8 33 15 12 13 17  9  6 32 38 40  4 16 25  0 24  3 39
  1 14 23 35 18 28 19 34 41 36 42 11  2  5 20 21 37 30 10]
========  
3
[29  7 27 22 26 31 43 33  8 15 12 13 17  6 32  9 40 38 16  4  0 24 39 14 35
 23 28  3 25 19  1 18 41 11 36 42  2 34 20 30  5 21 37 10]
========  
2
[ 7 29 27 22 26 31 43 33  8 12 15  6 13 17 32  9 40 16  4 38  0 14 24 39 28
 23 35 19  3 25 41 11 18  1  2 36 42 30 34 21 20  5 37 10]
========  
3
[29  7 22 27 43 31 26 33  8 12 15 13 17  6 32  9 40 38  4 16  0 28 35 24 23
 14 39  1 11 41 19 25  3 18 36  2 42 34 30  5 20 21 37 10]
========  
6
[ 7 22 29 27 43 26 31 33 12  8  6 32 15 40 13 17  0 16  4  9 28 14 23 35 19
 24 11 39 41  2 38 18  3 36 30 42 25  1 34  5 21 20 37 10]
observed:EVENT_MPROTECT
predicate:[EVENT_CLOSE EVENT_MMAP EVENT_READ ] mnt_t:s0 mnt_t:s0
========  
4
[29 27  7 22 31 43 26  8 33 15 12 13 17  9  6 32 38 40  4 25 16  1  0 24 39
 35 23  3 28 14 18 34 41 11 19 36 42  5  2 21 20 37 30 10]
observed:EVENT_MMAP
predicate:[EVENT_READ EVENT_OPEN EVENT_CLOSE ] mnt_t:s0 mnt_t:s0
========  
1
[ 7 22 29 27 43 26 31 33 12  8  6 32 15 40 13 17  0 16  4  9 28 14 23 35 19
 24 11 39 41  2 38 18  3 36 30 42 25  1 34  5 21 20 37 10]
========  
3
[ 7 29 27 22 26 43 31 33  8 12 15 13  6 17 32  9 40 38 16  4  0 24 14 39 28
 23 35 19  3 41 25 11  1 18  2 36 42 30 34 21  5 20 37 10]
========  
2
[ 7 29 27 22 26 31 43 33  8 12 15  6 13 17 32  9 40 16  4 38  0 14 24 39 28
 23 35 19  3 25 41 11 18  1  2 36 42 30 34 21 20  5 37 10]
========  
3
[29  7 22 27 43 31 26 33  8 12 15 13 17  6 32  9 40 38  4 16  0 28 35 24 23
 14 39  1 11 41 19 25  3 18 36  2 42 34 30  5 20 21 37 10]
========  
6
[ 7 22 29 27 43 26 31 33 12  8  6 32 15 40 13 17  0 16  4  9 28 14 23 35 19
 24 11 39 41  2 38 18  3 36 30 42 25  1 34  5 21 20 37 10]
observed:EVENT_MPROTECT
predicate:[EVENT_CLOSE EVENT_MMAP EVENT_READ ] mnt_t:s0 mnt_t:s0
========  
4
[29 27  7 22 31 43 26  8 33 15 12 13 17  9  6 32 38 40  4 25 16  1  0 24 39
 35 23  3 28 14 18 34 41 11 19 36 42  5  2 21 20 37 30 10]
observed:EVENT_MMAP
predicate:[EVENT_READ EVENT_OPEN EVENT_CLOSE ] mnt_t:s0 mnt_t:s0
========  
1
[ 7 22 29 27 43 26 31 33 12  8  6 32 15 40 13 17  0 16  4  9 28 14 23 35 19
 24 11 39 41  2 38 18  3 36 30 42 25  1 34  5 21 20 37 10]
========  
3
[ 7 29 27 22 26 43 31 33  8 12 15 13  6 17 32  9 40 38 16  4  0 24 14 39 28
 23 35 19  3 41 25 11  1 18  2 36 42 30 34 21  5 20 37 10]
========  
2
[ 7 29 27 22 26 31 43 33  8 12 15  6 13 17 32  9 40 16  4 38  0 14 24 39 28
 23 35 19  3 25 41 11 18  1  2 36 42 30 34 21 20  5 37 10]
========  
3
[29  7 22 27 43 31 26 33  8 12 15 13 17  6 32  9 40 38  4 16  0 28 35 24 23
 14 39  1 11 41 19 25  3 18 36  2 42 34 30  5 20 21 37 10]
========  
4
[29  7 27 22 26 31 43  8 33 15 12 13 17  9  6 32 38 40  4 16 25  0 24  3 39
  1 14 23 35 18 28 19 34 41 36 42 11  2  5 20 21 37 30 10]
observed:EVENT_MMAP
predicate:[EVENT_READ EVENT_CLOSE EVENT_OPEN ] mnt_t:s0 mnt_t:s0
========  
6
[ 7 22 29 27 43 26 31 33 12  8  6 32 15 40 13 17  0 16  4  9 28 14 23 35 19
 24 11 39 41  2 38 18  3 36 30 42 25  1 34  5 21 20 37 10]
observed:EVENT_MPROTECT
predicate:[EVENT_CLOSE EVENT_MMAP EVENT_READ ] mnt_t:s0 mnt_t:s0
========  
4
[29 27  7 22 31 43 26  8 33 15 12 13 17  9  6 32 38 40  4 25 16  1  0 24 39
 35 23  3 28 14 18 34 41 11 19 36 42  5  2 21 20 37 30 10]
observed:EVENT_MMAP
predicate:[EVENT_READ EVENT_OPEN EVENT_CLOSE ] mnt_t:s0 mnt_t:s0
========  
2
[ 7 22 29 27 43 26 31 33 12  8  6 32 15 40 13 17  0 16  4  9 28 14 23 35 19
 24 11 39 41  2 38 18  3 36 30 42 25  1 34  5 21 20 37 10]
========  
2
[29  7 27 22 26 31 43  8 33 15 12 13 17  9  6 32 38 40  4 16 25  0 24  3 39
  1 14 23 35 18 28 19 34 41 36 42 11  2  5 20 21 37 30 10]
========  
4
[ 7 29 27 22 26 43 31 33  8 12 15 13  6 17 32  9 40 38 16  4  0 24 14 39 28
 23 35 19  3 41 25 11  1 18  2 36 42 30 34 21  5 20 37 10]
observed:EVENT_MMAP
predicate:[EVENT_CLOSE EVENT_READ EVENT_OPEN ] mnt_t:s0 mnt_t:s0
========  
4
[29  7 27 22 26 31 43  8 33 15 12 13 17  9  6 32 38 40  4 16 25  0 24  3 39
  1 14 23 35 18 28 19 34 41 36 42 11  2  5 20 21 37 30 10]
observed:EVENT_MMAP
predicate:[EVENT_READ EVENT_CLOSE EVENT_OPEN ] mnt_t:s0 mnt_t:s0
========  
5
[29  7 27 22 26 31 43  8 33 15 12 13 17  9  6 32 38 40  4 16 25  0 24  3 39
  1 14 23 35 18 28 19 34 41 36 42 11  2  5 20 21 37 30 10]
observed:EVENT_MPROTECT
predicate:[EVENT_READ EVENT_CLOSE EVENT_OPEN ] mnt_t:s0 mnt_t:s0
========  
7
[29 27  7 22 31 43 26  8 33 15 12 13 17  9  6 32 38 40  4 25 16  1  0 24 39
 35 23  3 28 14 18 34 41 11 19 36 42  5  2 21 20 37 30 10]
time/batch = 5.973
