loading event preprocessedVocab files
loading para preprocessedVocab files
self.event_tensor_file/data/trace10k/e-inputevent-data.npy
loading event preprocessed tensor files
self.para1_tensor_file/data/trace10k/p1-inputpara1-data.npy
loading para1 preprocessed tensor files
self.para2_tensor_file/data/trace10k/p2-inputpara2-data.npy
loading para2 preprocessed tensor files
[(array([31, 43, 31, 43, 31, 43, 31, 43, 31, 43, 31, 43, 31, 43, 31, 43, 31,
       43, 31, 43, 31, 43, 31, 43, 31, 43, 31, 43, 31, 43, 31, 43, 31, 43,
       31, 43, 31, 43, 31, 43, 43, 31,  7,  7, 13, 43, 29, 29, 43, 29]), array([5, 5, 5, 5, 5, 5, 5, 5, 5, 5, 5, 5, 5, 5, 5, 5, 5, 5, 5, 5, 5, 5, 5,
       5, 5, 5, 5, 5, 5, 5, 5, 5, 5, 5, 5, 5, 5, 5, 5, 5, 5, 5, 0, 0, 5, 0,
       5, 5, 5, 5]), array([5, 5, 5, 5, 5, 5, 5, 5, 5, 5, 5, 5, 5, 5, 5, 5, 5, 5, 5, 5, 5, 5, 5,
       5, 5, 5, 5, 5, 5, 5, 5, 5, 5, 5, 5, 5, 5, 5, 5, 5, 5, 5, 0, 0, 5, 0,
       5, 5, 5, 5]), array([43, 31, 43, 31, 43, 31, 43, 31, 43, 31, 43, 31, 43, 31, 43, 31, 43,
       31, 43, 31, 43, 31, 43, 31, 43, 31, 43, 31, 43, 31, 43, 31, 43, 31,
       43, 31, 43, 31, 43, 43, 31,  7,  7, 13, 43, 29, 29, 43, 29, 29]), array([5, 5, 5, 5, 5, 5, 5, 5, 5, 5, 5, 5, 5, 5, 5, 5, 5, 5, 5, 5, 5, 5, 5,
       5, 5, 5, 5, 5, 5, 5, 5, 5, 5, 5, 5, 5, 5, 5, 5, 5, 5, 0, 0, 5, 0, 5,
       5, 5, 5, 5]), array([5, 5, 5, 5, 5, 5, 5, 5, 5, 5, 5, 5, 5, 5, 5, 5, 5, 5, 5, 5, 5, 5, 5,
       5, 5, 5, 5, 5, 5, 5, 5, 5, 5, 5, 5, 5, 5, 5, 5, 5, 5, 0, 0, 5, 0, 5,
       5, 5, 5, 5]))]
observed:EVENT_RECVMSG

========  
1
[43 31 29 27 22  7 26  8 33 15 17 12 13  9  6 32 38 40  1 35  4 28 24 25 16
 23  0 39 18 11 34  3 14 41 36 42  5 20 21  2 30 37 19 10]
========  
2
[43 31 29 27 22  7 26  8 33 15 17 12 13  9  6 32 38 40  1 35  4 28 24 25 16
 23  0 39 18 11 34  3 14 41 36 42  5 20 21  2 30 37 19 10]
========  
1
[43 31 29 27 22  7 26  8 33 15 17 12 13  9  6 32 38 40  1 35  4 28 24 25 16
 23  0 39 18 11 34  3 14 41 36 42  5 20 21  2 30 37 19 10]
========  
2
[43 31 29 27 22  7 26  8 33 15 17 12 13  9  6 32 38 40  1 35  4 28 24 25 16
 23  0 39 18 11 34  3 14 41 36 42  5 20 21  2 30 37 19 10]
========  
1
[43 31 29 27 22  7 26  8 33 15 17 12 13  9  6 32 38 40  1 35  4 28 24 25 16
 23  0 39 18 11 34  3 14 41 36 42  5 20 21  2 30 37 19 10]
========  
2
[43 31 29 27 22  7 26  8 33 15 17 12 13  9  6 32 38 40  1 35  4 28 24 25 16
 23  0 39 18 11 34  3 14 41 36 42  5 20 21  2 30 37 19 10]
========  
1
[43 31 29 27 22  7 26  8 33 15 17 12 13  9  6 32 38 40  1 35  4 28 24 25 16
 23  0 39 18 11 34  3 14 41 36 42  5 20 21  2 30 37 19 10]
========  
2
[43 31 29 27 22  7 26  8 33 15 17 12 13  9  6 32 38 40  1 35  4 28 24 25 16
 23  0 39 18 11 34  3 14 41 36 42  5 20 21  2 30 37 19 10]
========  
1
[43 31 29 27 22  7 26  8 33 15 17 12 13  9  6 32 38 40  1 35  4 28 24 25 16
 23  0 39 18 11 34  3 14 41 36 42  5 20 21  2 30 37 19 10]
========  
2
[43 31 29 27 22  7 26  8 33 15 17 12 13  9  6 32 38 40  1 35  4 28 24 25 16
 23  0 39 18 11 34  3 14 41 36 42  5 20 21  2 30 37 19 10]
========  
1
[43 31 29 27 22  7 26  8 33 15 17 12 13  9  6 32 38 40  1 35  4 28 24 25 16
 23  0 39 18 11 34  3 14 41 36 42  5 20 21  2 30 37 19 10]
========  
2
[43 31 29 27 22  7 26  8 33 15 17 12 13  9  6 32 38 40  1 35  4 28 24 25 16
 23  0 39 18 11 34  3 14 41 36 42  5 20 21  2 30 37 19 10]
========  
1
[43 31 29 27 22  7 26  8 33 15 17 12 13  9  6 32 38 40  1 35  4 28 24 25 16
 23  0 39 18 11 34  3 14 41 36 42  5 20 21  2 30 37 19 10]
========  
2
[43 31 29 27 22  7 26  8 33 15 17 12 13  9  6 32 38 40  1 35  4 28 24 25 16
 23  0 39 18 11 34  3 14 41 36 42  5 20 21  2 30 37 19 10]
========  
1
[43 31 29 27 22  7 26  8 33 15 17 12 13  9  6 32 38 40  1 35  4 28 24 25 16
 23  0 39 18 11 34  3 14 41 36 42  5 20 21  2 30 37 19 10]
========  
2
[43 31 29 27 22  7 26  8 33 15 17 12 13  9  6 32 38 40  1 35  4 28 24 25 16
 23  0 39 18 11 34  3 14 41 36 42  5 20 21  2 30 37 19 10]
========  
1
[43 31 29 27 22  7 26  8 33 15 17 12 13  9  6 32 38 40  1 35  4 28 24 25 16
 23  0 39 18 11 34  3 14 41 36 42  5 20 21  2 30 37 19 10]
========  
2
[43 31 29 27 22  7 26  8 33 15 17 12 13  9  6 32 38 40  1 35  4 28 24 25 16
 23  0 39 18 11 34  3 14 41 36 42  5 20 21  2 30 37 19 10]
========  
1
[43 31 29 27 22  7 26  8 33 15 17 12 13  9  6 32 38 40  1 35  4 28 24 25 16
 23  0 39 18 11 34  3 14 41 36 42  5 20 21  2 30 37 19 10]
========  
2
[43 31 29 27 22  7 26  8 33 15 17 12 13  9  6 32 38 40  1 35  4 28 24 25 16
 23  0 39 18 11 34  3 14 41 36 42  5 20 21  2 30 37 19 10]
========  
1
[43 31 29 27 22  7 26  8 33 15 17 12 13  9  6 32 38 40  1 35  4 28 24 25 16
 23  0 39 18 11 34  3 14 41 36 42  5 20 21  2 30 37 19 10]
========  
2
[43 31 29 27 22  7 26  8 33 15 17 12 13  9  6 32 38 40  1 35  4 28 24 25 16
 23  0 39 18 11 34  3 14 41 36 42  5 20 21  2 30 37 19 10]
========  
1
[43 31 29 27 22  7 26  8 33 15 17 12 13  9  6 32 38 40  1 35  4 28 24 25 16
 23  0 39 18 11 34  3 14 41 36 42  5 20 21  2 30 37 19 10]
========  
2
[43 31 29 27 22  7 26  8 33 15 17 12 13  9  6 32 38 40  1 35  4 28 24 25 16
 23  0 39 18 11 34  3 14 41 36 42  5 20 21  2 30 37 19 10]
========  
1
[43 31 29 27 22  7 26  8 33 15 17 12 13  9  6 32 38 40  1 35  4 28 24 25 16
 23  0 39 18 11 34  3 14 41 36 42  5 20 21  2 30 37 19 10]
========  
2
[43 31 29 27 22  7 26  8 33 15 17 12 13  9  6 32 38 40  1 35  4 28 24 25 16
 23  0 39 18 11 34  3 14 41 36 42  5 20 21  2 30 37 19 10]
========  
1
[43 31 29 27 22  7 26  8 33 15 17 12 13  9  6 32 38 40  1 35  4 28 24 25 16
 23  0 39 18 11 34  3 14 41 36 42  5 20 21  2 30 37 19 10]
========  
2
[43 31 29 27 22  7 26  8 33 15 17 12 13  9  6 32 38 40  1 35  4 28 24 25 16
 23  0 39 18 11 34  3 14 41 36 42  5 20 21  2 30 37 19 10]
========  
1
[43 31 29 27 22  7 26  8 33 15 17 12 13  9  6 32 38 40  1 35  4 28 24 25 16
 23  0 39 18 11 34  3 14 41 36 42  5 20 21  2 30 37 19 10]
========  
2
[43 31 29 27 22  7 26  8 33 15 17 12 13  9  6 32 38 40  1 35  4 28 24 25 16
 23  0 39 18 11 34  3 14 41 36 42  5 20 21  2 30 37 19 10]
========  
1
[43 31 29 27 22  7 26  8 33 15 17 12 13  9  6 32 38 40  1 35  4 28 24 25 16
 23  0 39 18 11 34  3 14 41 36 42  5 20 21  2 30 37 19 10]
========  
2
[43 31 29 27 22  7 26  8 33 15 17 12 13  9  6 32 38 40  1 35  4 28 24 25 16
 23  0 39 18 11 34  3 14 41 36 42  5 20 21  2 30 37 19 10]
========  
1
[43 31 29 27 22  7 26  8 33 15 17 12 13  9  6 32 38 40  1 35  4 28 24 25 16
 23  0 39 18 11 34  3 14 41 36 42  5 20 21  2 30 37 19 10]
========  
2
[43 31 29 27 22  7 26  8 33 15 17 12 13  9  6 32 38 40  1 35  4 28 24 25 16
 23  0 39 18 11 34  3 14 41 36 42  5 20 21  2 30 37 19 10]
========  
1
[43 31 29 27 22  7 26  8 33 15 17 12 13  9  6 32 38 40  1 35  4 28 24 25 16
 23  0 39 18 11 34  3 14 41 36 42  5 20 21  2 30 37 19 10]
========  
2
[43 31 29 27 22  7 26  8 33 15 17 12 13  9  6 32 38 40  1 35  4 28 24 25 16
 23  0 39 18 11 34  3 14 41 36 42  5 20 21  2 30 37 19 10]
========  
1
[43 31 29 27 22  7 26  8 33 15 17 12 13  9  6 32 38 40  1 35  4 28 24 25 16
 23  0 39 18 11 34  3 14 41 36 42  5 20 21  2 30 37 19 10]
========  
2
[43 31 29 27 22  7 26  8 33 15 17 12 13  9  6 32 38 40  1 35  4 28 24 25 16
 23  0 39 18 11 34  3 14 41 36 42  5 20 21  2 30 37 19 10]
========  
1
[43 31 29 27 22  7 26  8 33 15 17 12 13  9  6 32 38 40  1 35  4 28 24 25 16
 23  0 39 18 11 34  3 14 41 36 42  5 20 21  2 30 37 19 10]
========  
1
[43 31 29 27 22  7 26  8 33 15 17 12 13  9  6 32 38 40  1 35  4 28 24 25 16
 23  0 39 18 11 34  3 14 41 36 42  5 20 21  2 30 37 19 10]
========  
2
[43 31 29 27 22  7 26  8 33 15 17 12 13  9  6 32 38 40  1 35  4 28 24 25 16
 23  0 39 18 11 34  3 14 41 36 42  5 20 21  2 30 37 19 10]
========  
6
[43 31 29 27 22  7 26  8 33 15 17 12 13  9  6 32 38 40  1 35  4 28 24 25 16
 23  0 39 18 11 34  3 14 41 36 42  5 20 21  2 30 37 19 10]
observed:EVENT_CLOSE
predicate:[EVENT_WRITE EVENT_RECVMSG EVENT_READ ] notype_t1 notype_t1
========  
1
[ 7 29 27 22 26 31 43 33  8 15 12 13 17  9  6 32 38 40 16 25  4  0  3 24 39
  1 14 23 35 18 19 28 34 41 36 42  5 20  2 11 21 37 30 10]
========  
12
[ 7 29 27 22 26 31 43 33  8 15 12 13 17  9  6 32 38 40 16 25  4  0  3 24 39
  1 14 23 35 18 19 28 34 41 36 42  5 20  2 11 21 37 30 10]
observed:EVENT_EXIT
predicate:[EVENT_CLOSE EVENT_READ EVENT_OPEN ] mnt_t:s0 mnt_t:s0
========  
1
[43 31 29 22 27  7 26  8 33 15 12 13 17  9  6 32 38 40 35  1  4 28 24 16 25
  0 23 39 11 18 41 34 14  3 36 42  5 20  2 30 19 21 37 10]
========  
1
[29 43 27 31  7 22 26  8 33 15 17 12 13  9  6 32 38 40  1  4 35 25 16 24 28
 23  0 39 18 11  3 34 14 41 36 42 21  5  2 20 19 37 30 10]
========  
2
[43 29 31 27  7 22 26  8 33 15 17 12 13  9  6 32 38 40  1  4 35 25 28 24 16
 23  0 39 18 11 34  3 14 41 36 42  5 21 20  2 19 37 30 10]
========  
1
[43 29 31 27  7 22 26  8 33 15 17 12 13  9  6 32 38 40  1  4 35 25 28 24 16
 23  0 39 18 11 34  3 14 41 36 42  5 21 20  2 19 37 30 10]
========  
3
[43 31 29 27 22  7 26  8 33 15 17 12 13  9  6 32 38 40  1 35  4 28 24 25 16
 23  0 39 18 11 34  3 14 41 36 42  5 20 21  2 30 37 19 10]
========  
2
[43 29 31 27  7 22 26  8 33 15 17 12 13  9  6 32 38 40  1  4 35 25 28 24 16
 23  0 39 18 11 34  3 14 41 36 42  5 21 20  2 19 37 30 10]
time/batch = 5.842
